10 0.000000 15019 0
110 0.072727 92607 1342176
210 0.057143 198822 0
310 0.025806 298928 0
410 0.039024 411583 0
510 0.039216 624247 1342176
610 0.049180 779374 1342176
710 0.032394 991955 1342776
810 0.044444 1210891 2686688
910 0.034066 1468339 2686736
1010 0.046535 1782105 2686480
1110 0.033333 1971837 4031184
1210 0.038843 2295244 4031184
1310 0.030534 2648749 5375256
1410 0.031206 3063873 5375208
1510 0.043046 3320662 6720744
1610 0.036646 3579981 8065720
1710 0.045614 4104923 9411240
1810 0.032597 5588495 -55657976
1910 0.035602 1461655 10538808
2010 0.043284 1344766 11856552
2110 0.033175 1302535 13176536
2210 0.034842 1293025 14495120
2310 0.045022 2911666 -51312824
2410 0.042739 1575212 17129576
2510 0.040239 1613714 18447944
2610 0.034100 1805051 21085328
2710 0.036900 3547961 -45349640
2810 0.039502 1955261 22482672
2910 0.031615 2159394 25131632
3010 0.047841 3366386 -108070032
3110 0.039228 2395168 29224672
3210 0.036760 6552631 29224696
3310 0.039879 14699271 31883248
3410 0.039296 12816975 -100977912
3510 0.041311 3455772 34671400
3610 0.040720 3657919 37346936
3710 0.037466 3839304 40016352
3810 0.037533 5609848 -212142896
3910 0.037340 4023631 42751032
4010 0.037905 4115367 48099592
4110 0.036010 17633201 48099568
4210 0.035867 23428221 48099344
4310 0.041763 21458589 -213772584
4410 0.043084 5316902 58897672
4510 0.037694 6805673 58896768
4610 0.034490 7623343 58897440
4710 0.039915 6742951 64253584
4810 0.035967 10469456 -467034840
4910 0.039104 8036842 75008064
5010 0.036527 8330139 64290768
5110 0.034247 8659173 75009576
5210 0.037236 34950193 85728632
5310 0.038041 37542546 75002568
5410 0.039556 39485650 85728536
5510 0.039927 18936186 -449996104
5610 0.036898 11517836 96527896
5710 0.038529 10812269 96528624
5810 0.036833 11911027 96528488
5910 0.041963 12231356 96528632
6010 0.036439 13178467 -755804544
6110 0.036334 12887865 120202400
6210 0.040097 13217373 103029192
6310 0.041680 13713046 120196072
6410 0.032293 13586275 120205088
6510 0.041167 32585195 120205000
6610 0.037821 57543925 120204200
6710 0.039642 58436921 137381144
6810 0.036564 20772509 -738315224
6910 0.041823 15085753 137433272
7010 0.037375 15809816 154616736
7110 0.037693 16529074 137430680
7210 0.037864 16461213 154617024
7310 0.039672 16848134 154617144
7410 0.037247 19627083 -1209894872
7510 0.035020 19325503 164968400
7610 0.040736 19730589 164968368
7710 0.039948 20115436 173907408
7810 0.042510 20496278 164968232
7910 0.038559 73554984 192466248
8010 0.038452 83481199 164968240
8110 0.036005 83920269 -1163749552
8210 0.038611 20390305 192064672
8310 0.039591 23324750 192063808
8410 0.036742 23375826 192063480
8510 0.040071 24746150 219509072
8610 0.033449 25346348 219508112
8710 0.033525 25917195 219506952
8810 0.036095 27995543 -1200943480
8910 0.038496 25488491 228164576
9010 0.037514 25530808 228165952
9110 0.041164 26567934 228168008
9210 0.036048 27152914 256694856
9310 0.036627 27664773 256695360
9410 0.036451 48608889 -1197777584
9510 0.039748 29075194 256844160
9610 0.043184 29042819 285390080
9710 0.039341 29673275 256845312
9810 0.036391 30643639 285388392
9910 0.038446 32882891 -1141676600
10010 0.037862 31553238 285502400
10110 0.035905 32941952 285500856
10210 0.037218 33554171 314060360
10310 0.034724 33597981 285501472
10410 0.037944 37341391 -1113287504
10510 0.037393 37096266 314138032
10610 0.039397 38099484 342701880
10710 0.038469 39412835 314136944
10810 0.037558 40714139 342702096
10910 0.041888 38338411 -1032438936
11010 0.039510 38890983 353609040
11110 0.039514 38994465 353608120
11210 0.039518 41044378 -944270264
11310 0.040318 43408245 388719464
11410 0.039439 42867545 362797488
11510 0.040400 44948871 388721136
11610 0.037468 46399607 -1040451560
11710 0.035269 45798806 371099096
11810 0.040982 47907492 399656160
11910 0.037196 47211038 -932169488
12010 0.038634 46854670 407941808
12110 0.038481 48514484 407940224
12210 0.040049 48275427 435146704
12310 0.036962 52070388 -1003638032
12410 0.038114 52307344 456790448
12510 0.039249 69743725 456785648
12610 0.036638 59194610 -970449064
12710 0.038710 59183491 462823624
12810 0.039735 56715994 456795328
12910 0.039427 59115894 -950238624
13010 0.036434 58172262 485346888
13110 0.039054 57409671 513904128
13210 0.037320 64321039 -941952992
13310 0.041097 60548594 514169856
13410 0.037360 59882795 514170680
13510 0.037750 62876148 -914150504
13610 0.037766 61401453 542923824
13710 0.035886 63152167 -885955736
13810 0.040116 63893655 543041304
13910 0.039684 65489561 543024160
14010 0.037616 70457910 -857070800
14110 0.037704 71667868 571715048
14210 0.037931 67955894 -857910336
14310 0.039273 66782029 571763976
14410 0.039486 70774218 600361600
14510 0.039559 75452758 -828554176
14610 0.037782 75326119 628986192
14710 0.038001 75772240 -829397712
14810 0.039635 70594313 629013808
14910 0.038900 74156520 -772197048
15010 0.041173 79746794 629030808
15110 0.037856 77561217 657620024
15210 0.038790 81425724 -771747240
15310 0.039451 78012157 686245784
15410 0.040299 86272283 -771676096
15510 0.038298 80297854 686224568
15610 0.037988 85708034 -714838368
15710 0.035391 83039151 714847968
15810 0.038267 92871108 -714880520
15910 0.037146 90109637 714845392
16010 0.036540 91882595 -686182536
16110 0.036375 85465168 743449888
16210 0.037569 96878144 -686266952
16310 0.039975 87814663 772050192
16410 0.037051 95628953 -657938712
16510 0.036766 96924718 772053120
16610 0.037989 93736237 -629265688
16710 0.038300 95139736 -628985824
16810 0.036704 93090391 800677112
16910 0.039385 98265730 -600358320
17010 0.038389 95478444 829271728
17110 0.038808 102139132 -600254016
17210 0.036665 101724120 857317176
17310 0.038013 113811733 -571888856
17410 0.037967 108674474 -571692696
17510 0.039977 102358222 886482912
17610 0.042646 114448365 -543050136
17710 0.038735 107590084 -543798224
17810 0.037114 113715193 915086424
17910 0.037688 118855731 -514321608
18010 0.039367 116605718 915090232
18110 0.039702 114217739 -486558408
18210 0.039099 114371292 -486176264
18310 0.037193 114782931 971380072
18410 0.040087 122004239 -457151800
18510 0.039222 133341181 -456719056
18610 0.039871 117735673 -429191400
18710 0.041048 115747724 1000645368
18810 0.038437 131490622 -428202568
18910 0.036965 126557906 -400728336
19010 0.036139 129906842 1029402104
19110 0.040084 127740859 -371721208
19210 0.038990 131468438 -371477576
19310 0.041688 128384953 -372021408
19410 0.040804 131317204 1058069504
19510 0.038801 135213889 -343075648
19610 0.038654 144363667 -314267272
19710 0.038204 134125803 -314847608
19810 0.038516 136177546 1115276680
19910 0.039277 140150599 -286132696
20010 0.036482 151912378 -285354448
20110 0.038091 147356712 -286217248
20210 0.037853 148549465 -257566304
20310 0.036632 153312951 1200324072
20410 0.035620 150176576 -228257032
20510 0.039298 148524577 -228501624
20610 0.038768 152066862 -228346512
20710 0.038484 160361067 -200350536
20810 0.038635 161914032 -200404560
20910 0.036490 151437946 -171722360
21010 0.040029 172021135 1257554512
21110 0.038749 175338309 -142358736
21210 0.041961 177504333 -142884856
21310 0.037166 158024637 -142768704
21410 0.037739 183897556 -114034072
21510 0.037517 176477388 -113894336
21610 0.039241 166073393 -86354344
21710 0.038830 171444810 -85271168
21810 0.038469 179823453 -57512296
21910 0.039206 181383311 -57600696
22010 0.038346 172284746 -57244576
22110 0.037404 182569884 -28625264
22210 0.038946 180452248 12224
22310 0.038458 177323946 2632
22410 0.040428 174575939 -5648
22510 0.038561 177245937 3880
22610 0.041707 176747528 28639744
22710 0.039234 190641990 57223176
22810 0.037177 189854860 57184784
22910 0.037407 191423760 57259880
23010 0.036462 194481104 85886880
23110 0.038858 199915798 85783856
23210 0.037053 199943736 114545112
23310 0.036637 202310833 114414128
23410 0.038146 194462326 142589184
23510 0.040026 200884791 171408928
23610 0.039729 223554915 -1287100624
23710 0.037790 206662317 171882928
23810 0.038597 211434589 200362728
23910 0.038352 213804351 200366200
24010 0.038109 209808775 228932168
24110 0.039278 211024688 229038656
24210 0.037794 213718537 256903168
24310 0.039449 208434954 -1172376480
24410 0.038386 219150105 286185520
24510 0.037495 215869501 286017328
24610 0.037668 231056623 285965968
24710 0.039336 240009373 313855544
24810 0.039500 214891485 -1114660352
24910 0.039663 221283921 343401416
25010 0.039104 227752965 371792168
25110 0.038112 230689260 371169152
25210 0.038120 223426012 -1057568784
25310 0.037930 241539761 429127464
25410 0.039315 248742333 400403024
25510 0.040063 242895970 -1001027784
25610 0.039906 236915421 457793896
25710 0.036873 230287619 457633160
25810 0.038861 228667907 -943874840
25910 0.037592 245917718 486386168
26010 0.038370 235272126 486175032
26110 0.038951 235248022 -886639296
26210 0.038306 244757768 514998824
26310 0.039757 251035138 571986056
26410 0.039000 245197348 -886639272
26510 0.037420 253629966 600888560
26610 0.039496 245254558 -829500080
26710 0.039948 267282635 600871592
26810 0.039649 261984032 629045536
26910 0.038053 251522147 -800731072
27010 0.036838 255924169 657874336
27110 0.038399 269887523 -743547192
27210 0.038074 260323881 686712072
27310 0.038155 258331038 -714981376
27410 0.038672 264990855 715244048
27510 0.037514 265474803 -686346696
27610 0.037305 276760835 743824904
27710 0.037135 268242562 -657734256
27810 0.038332 274636233 772420280
27910 0.038911 270522961 -629135192
28010 0.039772 280072591 -600559232
28110 0.039025 294635390 829611600
28210 0.040943 281426809 -600631896
28310 0.039421 281430886 858198112
28410 0.039036 280009081 -543381976
28510 0.036584 293874910 -543218152
28610 0.038134 293077736 915500120
28710 0.038140 294745889 -486263120
28810 0.038042 299819722 -486015824
28910 0.039744 291228652 944107472
29010 0.039193 302995675 -429045488
29110 0.039643 304561174 -456921248
29210 0.040500 300238895 1000971480
29310 0.036165 323124642 -371993768
29410 0.039952 325034651 -400140520
29510 0.040020 306590642 1058438792
29610 0.036744 305160106 -343100224
29710 0.039313 313555407 -343118520
29810 0.037873 328429448 -314254136
29910 0.039485 341405716 -314454784
30010 0.039387 315915685 1144274496
30110 0.037164 315250676 -257401032
30210 0.037703 319406722 -228544480
30310 0.038931 339017486 -228437360
30410 0.036863 331615935 -227675432
30510 0.039233 329897908 -200456704
30610 0.038811 337860872 1257605480
30710 0.038717 328241784 -141753424
30810 0.037942 328811927 -143213000
30910 0.038855 332642859 -143011560
31010 0.037794 333395517 -85304976
31110 0.037737 344784103 -114016992
31210 0.039955 347023088 -56781432
31310 0.038837 343520196 -56870824
31410 0.038364 348557992 -56892144
31510 0.038020 349012944 383896
31610 0.038722 352653759 356640
31710 0.038474 354972103 28867984
31810 0.038981 360154767 28934376
31910 0.038515 366782850 57466992
32010 0.037207 359841617 57540080
32110 0.039271 359806072 114728448
32210 0.037690 362752030 114733672
32310 0.038626 363590127 115314992
32410 0.037149 382607637 143244568
32510 0.036604 371145279 172042432
32610 0.038577 372990641 -1229848976
32710 0.037083 382759220 200414336
32810 0.038616 401332661 229740104
32910 0.038894 379779884 228507440
33010 0.037171 390009143 257647128
33110 0.037481 389600755 286779640
33210 0.039295 404216057 -1143869848
33310 0.037226 403560494 343606416
33410 0.038911 399542657 314754896
33510 0.037839 406710846 372520424
33610 0.038738 406840137 -1057970512
33710 0.038149 440041328 401338856
33810 0.040461 407374616 400003920
33910 0.037953 418665096 429783808
34010 0.037254 436979217 -972238080
34110 0.036675 436794014 486516048
34210 0.037533 423989487 486826720
34310 0.038094 431672748 -914920856
34410 0.039727 420866598 515325984
34510 0.038250 418706680 -886247920
34610 0.038486 439255321 572482792
34710 0.039239 426309557 572034304
34810 0.037288 437430915 -799985080
34910 0.036780 432917145 629616952
35010 0.038075 472063885 -771763952
35110 0.040159 446802169 658060344
35210 0.038654 443154951 -742960952
35310 0.038346 448501675 715780976
35410 0.038323 461648608 -714422832
35510 0.037708 461435333 743427632
35610 0.039680 476609075 -657182184
35710 0.037412 480783067 801583112
35810 0.038257 493490793 -628768232
35910 0.038095 468624148 829574320
36010 0.037073 493645024 -571512368
36110 0.037386 463929922 -542828408
36210 0.039160 491568968 886832800
36310 0.038006 472405321 -514201616
36410 0.041060 475740912 -514190448
36510 0.038099 498093774 972757064
36610 0.038214 520155957 -455871056
36710 0.038137 504648009 -429406376
36810 0.036783 534846795 1029860112
36910 0.038255 513002161 -399789320
37010 0.037125 508419648 -370402032
37110 0.037780 499103067 -343328056
37210 0.041118 513367587 1087620736
37310 0.039239 531345380 -285880928
37410 0.041272 500897377 -313355064
37510 0.038763 501718699 -257291208
37610 0.038288 515257708 -255344632
37710 0.037974 504392651 1228547968
37810 0.039725 521555591 -199542808
37910 0.037167 525094117 -170994312
38010 0.039779 520146736 -170541296
38110 0.037785 514783501 -114250232
38210 0.037477 513483918 -113814504
38310 0.039180 528566256 -85023744
38410 0.039183 523132333 -85003544
38510 0.037679 527749324 -56458688
38610 0.037141 529777381 842184
38710 0.038931 546165062 2123376
38810 0.040093 539261598 -360008
38910 0.039039 550655121 57955552
39010 0.039785 547302045 57982976
39110 0.036870 548581457 87644024
39210 0.038740 554475473 115774616
39310 0.039049 560872500 113450584
39410 0.037173 558986967 172238840
39510 0.040319 565203416 172101056
39610 0.039283 575098852 172149880
39710 0.039159 570221551 227156480
39810 0.037403 565330850 -1169489696
39910 0.036983 572698404 286663736
40010 0.039415 578638325 287174784
40110 0.038494 576011264 314620432
40210 0.037951 591001284 -1115054544
40310 0.038601 595561207 373022424
40410 0.039149 600946336 374018552
40510 0.037275 595724942 428043800
40610 0.038340 596657043 -1000215776
40710 0.038811 595102556 458365304
40810 0.038348 601170175 459022744
40910 0.037937 609309987 -915192848
41010 0.037844 600925783 515520816
41110 0.037752 610793854 572257840
41210 0.037928 611177187 -856687408
41310 0.038199 627249001 601560112
41410 0.039556 626903926 -828914848
41510 0.037919 629891707 658574864
41610 0.038981 619174045 -770223552
41710 0.038264 659546871 686027200
41810 0.040086 656885556 -712650200
41910 0.037294 625659609 742725280
42010 0.038396 635040519 -684501184
42110 0.037378 636678754 800561640
42210 0.037645 638261755 -599675776
42310 0.037060 653968851 830933528
42410 0.037420 660095828 -571963040
42510 0.037709 655884555 -542129928
42610 0.038442 666383223 886770064
42710 0.037228 661063143 -485195048
42810 0.038005 659345958 971334680
42910 0.038522 693550266 -453865776
43010 0.039851 666693912 -429196840
43110 0.038669 670966273 -398515208
43210 0.038996 676730306 1030688800
43310 0.038490 682653393 -342166680
43410 0.038286 677935683 -315111928
43510 0.038405 676528672 -313382040
43610 0.037491 732121189 1173118432
43710 0.037657 797703046 -256530520
43810 0.038142 685238309 -227689352
43910 0.037554 721839096 -199666232
44010 0.038128 809485251 -170751624
44110 0.038857 753000592 -141203744
44210 0.038566 696318604 -143703096
44310 0.038682 756693696 -113438760
44410 0.039811 742066653 -84888176
44510 0.037025 732574444 1371859176
44610 0.037323 748497509 -24888184
44710 0.038269 733051418 981088
44810 0.036822 727646990 -1372272184
44910 0.039434 728306927 29581104
45010 0.038902 751643761 86935400
45110 0.038750 743543135 86786400
45210 0.039372 739534165 115327808
45310 0.039704 748266996 143731080
45410 0.038251 757079768 201184480
45510 0.037794 784718791 202243312
45610 0.038150 767209537 228496928
45710 0.038722 771368860 259558760
45810 0.038027 763190268 -1143636760
45910 0.038989 757202056 315170104
46010 0.038992 764875912 344215816
46110 0.037953 775171008 344128568
46210 0.037178 777224143 -1000006312
46310 0.039581 778467176 401505336
46410 0.038763 779223261 429923096
46510 0.037863 775596773 -942002440
46610 0.037910 803174883 486711760
46710 0.037851 799932588 544014104
46810 0.038624 810209048 -884711928
46910 0.038712 779808199 572623912
47010 0.040034 806713198 599518496
47110 0.039440 832401786 -798008224
47210 0.038255 821079649 658863056
47310 0.040076 809315649 -771053800
47410 0.038030 805556557 715835384
47510 0.040202 801833266 -684646128
47610 0.038269 833462461 743997112
47710 0.037414 814122966 -598900848
47810 0.039887 830951656 -627012488
47910 0.039950 818913588 829295272
48010 0.038034 824245450 -542976288
48110 0.038079 844148034 917342128
48210 0.039286 857225985 -514259008
48310 0.038957 829050731 -485722904
48410 0.040074 859631445 974749360
48510 0.037868 887626376 -400280848
48610 0.038737 887076231 -399431448
48710 0.038473 894133112 -368884536
48810 0.039111 875213538 1087555720
48910 0.038602 890178242 -286167864
49010 0.039502 870575112 -284887312
49110 0.038261 868015895 -256017352
49210 0.039260 865254073 -227966472
49310 0.037964 871947506 1230651768
49410 0.037867 866774862 -141506456
49510 0.040315 895713471 -170607120
49610 0.039528 876756413 -113237064
49710 0.038342 897644861 -84401088
49810 0.039791 909458144 -55857080
49910 0.037508 886216184 -27353240
50010 0.038932 927639687 -27382824
50110 0.037737 920703198 58619920
50210 0.038996 897461356 58568032
50310 0.038799 895898917 87374752
50410 0.038683 910060829 115699616
50510 0.038052 914354410 144302376
50610 0.037068 919127826 201340848
50710 0.038198 933481690 -1229543672
50810 0.038890 938266918 230624808
50910 0.038931 926585564 259415312
51010 0.038267 977503907 316666408
51110 0.038838 939699457 314677168
51210 0.038723 953857371 -1086608424
51310 0.038160 944241355 403616208
51410 0.037483 968158466 401157928
51510 0.038264 970232557 455340264
51610 0.039314 951182636 -968954904
51710 0.037710 966193753 516546720
51810 0.037946 971605115 -914764760
51910 0.038278 969088503 574296008
52010 0.038627 976729492 573349752
52110 0.039340 987152748 -800254808
52210 0.039303 980592130 631169088
52310 0.038979 986432334 -743282992
52410 0.038600 1032619966 688403560
52510 0.039021 1044793033 -753950552
52610 0.038225 984105743 774348608
52710 0.039822 979715424 -657476664
52810 0.037947 1008433482 831576168
52910 0.039690 1026629519 -571345920
53010 0.038842 995323522 -571041104
53110 0.038656 1031577535 947326648
53210 0.038489 1022049393 -486785240
53310 0.037460 1030450979 -456427432
53410 0.036772 1032097497 1032512872
53510 0.039544 1043531001 -400017232
53610 0.039787 1014044759 -371083512
53710 0.039043 1028723011 -313353312
53810 0.038543 1055435686 1119129680
53910 0.038193 1072688019 -257272864
54010 0.038585 1056672880 -228107384
54110 0.036721 1066435638 -198996440
54210 0.040011 1053095465 -170349544
54310 0.039127 1055366737 -170135392
54410 0.038706 1097758666 1314999664
54510 0.039626 1059451405 -81170152
54610 0.038656 1082934188 -56342872
54710 0.038640 1080625167 1380928
54810 0.038168 1106810766 29891952
54910 0.037407 1092333579 58774400
55010 0.038248 1075889685 -1343010680
55110 0.038668 1095289171 115911416
55210 0.038345 1092619591 146111208
55310 0.038799 1094003987 172286760
55410 0.039289 1087362283 172868648
55510 0.038011 1095730101 230122312
55610 0.037763 1142883584 258653944
55710 0.037713 1124550368 -1114986744
55810 0.037843 1133366216 345997520
55910 0.038777 1135488943 372934016
56010 0.037922 1146272414 401960856
56110 0.038585 1170697999 -1000018288
56210 0.037822 1158442497 459405184
56310 0.039140 1133396888 488041184
56410 0.037547 1163878988 -885840384
56510 0.038170 1143512325 573781168
56610 0.038739 1171106788 574040784
56710 0.039411 1169899942 -799634576
56810 0.037969 1159286196 630907496
56910 0.039923 1143990889 -771604288
57010 0.037941 1210229494 717277232
57110 0.038189 1174620172 -685444976
57210 0.038070 1211449355 802963128
57310 0.039714 1223737855 -697669568
57410 0.037938 1212968396 -571217576
57510 0.038706 1178420406 860809280
57610 0.038205 1200263058 -513303504
57710 0.038243 1217563096 945486992
57810 0.038488 1220747289 -427767008
57910 0.037351 1197025542 -398635632
58010 0.037476 1204098854 -371384808
58110 0.037739 1229388204 1089529168
58210 0.038670 1232798770 -313187912
58310 0.039393 1288221493 -313100224
58410 0.039137 1283459396 -256578432
58510 0.038387 1244602181 -198981016
58610 0.038611 1276901264 1232682160
58710 0.037234 1276827190 -141306736
58810 0.038922 1260390174 -112644240
58910 0.038415 1266537764 -84102840
59010 0.039112 1283926471 -55706376
59110 0.038809 1269064415 -26873336
59210 0.037291 1299950248 30203376
59310 0.038037 1292467195 58990232
59410 0.037687 1309071329 116332032
59510 0.040145 1286792270 87610328
59610 0.037175 1304972353 173770376
59710 0.037330 1362594344 -1229462576
59810 0.038957 1608820969 230506936
59910 0.037506 1322342176 259228600
60010 0.037727 1346575208 316464416
60110 0.037847 1321713423 346865440
60210 0.036971 1319477930 -1058966992
60310 0.039811 1313408230 373627160
60410 0.038702 1379285923 430947456
60510 0.039316 1465335391 -970493040
60610 0.038888 1383599548 487297600
60710 0.038066 1373426576 545526912
60810 0.038349 1356618370 -856033000
60910 0.037564 1362968911 630631296
61010 0.039141 1402605553 -799914808
61110 0.036181 1611932677 717498576
61210 0.038082 1358897691 -742667304
61310 0.038281 1372090465 745955176
61410 0.038430 1341700693 -628026056
61510 0.037652 1452146056 733324960
61610 0.037250 1383164236 -570559592
61710 0.038292 1658554253 889226304
61810 0.038893 1486948120 -513698160
61910 0.038104 1409194164 -456196056
62010 0.038091 1413982998 1003941728
62110 0.038593 1411583557 -427893288
62210 0.037711 1416338018 -341785904
62310 0.038004 1433312983 -341684464
62410 0.038231 1453378473 1147017656
62510 0.037930 1438612489 -256157176
62610 0.037949 1442232870 -227145648
62710 0.038750 1461663284 -169962888
62810 0.039261 1437395693 -169762984
62910 0.038197 1458293090 -112744272
63010 0.039724 1467902966 -112774544
63110 0.037950 1503493261 -26391944
63210 0.037589 1466068458 1637880
63310 0.037767 1474957011 59043256
63410 0.038133 1489855921 60243472
63510 0.038703 1475583856 115799744
63610 0.038076 1470900719 144305184
63710 0.036949 1491717814 202580144
63810 0.038348 1480962319 202416752
63910 0.037209 1490482102 259278328
64010 0.038681 1492156689 -1143560744
64110 0.039916 1529694061 288039280
64210 0.036209 1504475808 403095272
64310 0.038563 1493503447 374070552
64410 0.038224 1524664763 -1000528184
64510 0.037948 1523340114 488745656
64610 0.038802 1516514574 488684160
64710 0.037166 1538199198 -857235128
64810 0.039006 1574734619 546046296
64910 0.038715 1562469025 -800083968
65010 0.038733 1592895431 632012064
65110 0.039395 1706643845 689364736
65210 0.038752 1645473664 -714298120
65310 0.038172 1693387854 701209176
65410 0.039046 1580578351 -624322296
65510 0.039322 1597864402 -628213664
65610 0.039171 1607142700 889799600
